function [result] = CreateWeights()

result = ...
[ ...
0.0 0.0 25.5073 -87.4244 25.0784 -78.9799 79.0315 -46.0612 97.1485 -34.9065 68.8501 9.4347 84.6985 -75.0081 80.4262 93.5898 99.6136 -42.7241 -77.2741 -98.1971 -58.5916 91.4368 -79.6212 -2.368; ...
0.0 0.0 -98.301 53.0178 77.1649 -69.4758 63.3706 63.5897 -88.2703 70.7224 44.3731 70.7306 17.7443 26.4273 27.7478 27.6237 -85.5169 -59.9669 89.712 -26.4334 36.4404 -47.5765 -0.0621 -3.4335 ; ...
0.0 0.0 0.0 16.2275 -19.8525 -65.7362 -18.0324 43.7208 -1.8095 84.5488 -2.5807 33.8628 -28.0473 -30.3742 -16.5098 -66.717 -51.896 22.4579 -64.6438 28.0025 80.9045 25.5481 -74.6731 -3.003 ; ...
0.0 0.0 0.0 0.0 42.5496 71.6878 60.5673 -17.9269 -18.7455 41.4835 -74.6899 -38.2027 -22.7389 -29.1218 46.5439 43.7234 16.48 -41.1744 -46.5406 13.501 62.3198 63.2077 16.2208 -1.1642 ; ...
0.0 0.0 0.0 0.0 0.0 51.0052 -84.9281 68.9423 -61.5931 63.7311 -35.3308 -89.7632 -39.067 -23.9267 62.2217 -50.2235 99.9464 -30.9005 69.4127 98.4222 -52.2658 -51.077 9.9854 3.8105 ; ...
0.0 0.0 0.0 0.0 0.0 0.0 -63.1222 9.0008 61.9855 -46.0704 -34.2569 67.2488 45.4681 -54.595 68.9624 2.9845 -70.9346 14.8629 97.1871 -0.7379 -67.5531 12.635 -80.7858 4.4218 ; ...
0.0 0.0 0.0 0.0 0.0 0.0 0.0 80.5254 39.0535 8.7114 5.0149 -12.8394 -20.7048 -89.4965 -36.2543 94.9206 -54.3089 -56.22 78.9361 -2.11 79.6846 -13.2897 2.0487 -2.5284 ; ...
0.0 0.0 0.0 0.0 0.0 0.0 0.0 0.0 -98.3522 -86.6264 -70.1098 28.1669 7.299 61.8215 -45.5562 -49.5049 59.0276 6.901 -57.0333 62.3466 -32.6549 18.3577 -1.7095 10.0778 ; ...
0.0 0.0 0.0 0.0 0.0 0.0 0.0 0.0 0.0 92.7822 54.1688 -67.9312 -41.033 94.1277 58.0593 -26.9623 -8.5792 -53.7572 -60.3666 -80.1876 57.5793 3.6978 -16.8823 1.1208 ; ...
0.0 0.0 0.0 0.0 0.0 0.0 0.0 0.0 0.0 0.0 34.2262 -16.5104 -76.4088 44.9102 94.5266 79.4599 41.6319 -10.1938 -75.0002 25.3869 -48.6509 78.1436 -36.7 3.1523 ; ...
0.0 0.0 0.0 0.0 0.0 0.0 0.0 0.0 0.0 0.0 0.0 -7.7332 28.4168 70.5048 -40.4769 46.686 58.5951 -8.123 92.7985 -56.0451 81.6821 -52.2439 -64.9058 2.2366 ; ...
0.0 0.0 0.0 0.0 0.0 0.0 0.0 0.0 0.0 0.0 0.0 0.0 -73.1427 89.8845 -2.165 54.0508 12.075 93.1216 -95.6178 78.0637 -64.7566 -52.8602 -49.6839 -1.3495 ; ...
0.0 0.0 0.0 0.0 0.0 0.0 0.0 0.0 0.0 0.0 0.0 0.0 0.0 54.1834 -26.9501 58.7412 93.2985 39.2701 -93.3059 -17.5983 -14.4421 40.4797 -34.0554 4.1669 ; ...
0.0 0.0 0.0 0.0 0.0 0.0 0.0 0.0 0.0 0.0 0.0 0.0 0.0 0.0 93.7753 -83.5641 4.9845 70.9508 86.8004 20.7481 -71.0538 21.1898 -80.9097 1.6953 ; ...
0.0 0.0 0.0 0.0 0.0 0.0 0.0 0.0 0.0 0.0 0.0 0.0 0.0 0.0 0.0 69.7411 33.8812 -82.5906 -30.736 42.9383 41.0917 -13.2414 -42.0709 2.9006 ; ...
0.0 0.0 0.0 0.0 0.0 0.0 0.0 0.0 0.0 0.0 0.0 0.0 0.0 0.0 0.0 0.0 -58.8942 69.2495 -93.5424 -91.9845 0.6338 4.7609 -13.5058 -0.9932 ; ...
0.0 0.0 0.0 0.0 0.0 0.0 0.0 0.0 0.0 0.0 0.0 0.0 0.0 0.0 0.0 0.0 0.0 -90.9148 1.5671 -29.8831 42.885 -86.0995 43.2349 -0.3945 ; ...
0.0 0.0 0.0 0.0 0.0 0.0 0.0 0.0 0.0 0.0 0.0 0.0 0.0 0.0 0.0 0.0 0.0 0.0 99.1588 86.1016 -15.7809 -61.3367 -35.6846 2.5282 ; ...
0.0 0.0 0.0 0.0 0.0 0.0 0.0 0.0 0.0 0.0 0.0 0.0 0.0 0.0 0.0 0.0 0.0 0.0 0.0 -40.1933 79.6384 87.0888 -0.8893 0.6724 ; ...
0.0 0.0 0.0 0.0 0.0 0.0 0.0 0.0 0.0 0.0 0.0 0.0 0.0 0.0 0.0 0.0 0.0 0.0 0.0 0.0 -24.1962 -83.4611 32.1492 -0.3277 ; ...
0.0 0.0 0.0 0.0 0.0 0.0 0.0 0.0 0.0 0.0 0.0 0.0 0.0 0.0 0.0 0.0 0.0 0.0 0.0 0.0 0.0 70.2276 93.8093 0.3525 ; ...
0.0 0.0 0.0 0.0 0.0 0.0 0.0 0.0 0.0 0.0 0.0 0.0 0.0 0.0 0.0 0.0 0.0 0.0 0.0 0.0 0.0 0.0 -13.6265 1.3045 ; ...
0.0 0.0 0.0 0.0 0.0 0.0 0.0 0.0 0.0 0.0 0.0 0.0 0.0 0.0 0.0 0.0 0.0 0.0 0.0 0.0 0.0 0.0 0.0 -0.2778 ; ...
0.0 0.0 0.0 0.0 0.0 0.0 0.0 0.0 0.0 0.0 0.0 0.0 0.0 0.0 0.0 0.0 0.0 0.0 0.0 0.0 0.0 0.0 0.0 0.0 ...
];

return
end
